[
  [
    0,
    366,
    758,
    252,
    401,
    674,
    67,
    701,
    847,
    740,
    334,
    255,
    399,
    467,
    465,
    455,
    369,
    576,
    917,
    834,
    746,
    705,
    879,
    892,
    452,
    904,
    752,
    277,
    39,
    997,
    926,
    362,
    217,
    589,
    741,
    745,
    964,
    69,
    858,
    253,
    904,
    703,
    744,
    1022,
    259,
    570,
    803,
    524,
    786,
    549
  ],
  [
    366,
    0,
    394,
    126,
    272,
    516,
    422,
    428,
    687,
    651,
    422,
    142,
    183,
    534,
    629,
    423,
    401,
    391,
    603,
    706,
    394,
    766,
    711,
    628,
    117,
    701,
    498,
    449,
    379,
    662,
    810,
    91,
    486,
    278,
    532,
    528,
    640,
    376,
    576,
    323,
    783,
    380,
    664,
    682,
    340,
    308,
    709,
    236,
    527,
    580
  ],
  [
    758,
    394,
    0,
    518,
    499,
    554,
    810,
    337,
    658,
    717,
    714,
    512,
    467,
    776,
    913,
    634,
    668,
    465,
    331,
    713,
    99,
    948,
    664,
    456,
    344,
    608,
    398,
    775,
    767,
    330,
    805,
    431,
    844,
    334,
    492,
    477,
    335,
    759,
    386,
    648,
    779,
    209,
    737,
    334,
    662,
    423,
    755,
    380,
    404,
    781
  ],
  [
    252,
    126,
    518,
    0,
    313,
    587,
    314,
    535,
    763,
    702,
    396,
    117,
    175,
    526,
    593,
    442,
    394,
    466,
    723,
    772,
    520,
    769,
    790,
    736,
    200,
    792,
    601,
    398,
    271,
    787,
    874,
    112,
    407,
    345,
    621,
    620,
    763,
    275,
    688,
    288,
    849,
    501,
    713,
    808,
    305,
    342,
    764,
    284,
    632,
    587
  ],
  [
    401,
    272,
    499,
    313,
    0,
    283,
    420,
    315,
    460,
    390,
    217,
    199,
    450,
    286,
    414,
    156,
    169,
    175,
    546,
    462,
    443,
    500,
    490,
    495,
    379,
    506,
    357,
    289,
    386,
    642,
    563,
    357,
    381,
    533,
    340,
    345,
    600,
    362,
    469,
    179,
    538,
    359,
    401,
    674,
    187,
    576,
    451,
    503,
    390,
    315
  ],
  [
    674,
    516,
    554,
    587,
    283,
    0,
    681,
    225,
    178,
    164,
    395,
    479,
    699,
    352,
    504,
    246,
    338,
    125,
    418,
    190,
    462,
    423,
    207,
    291,
    598,
    235,
    196,
    486,
    653,
    533,
    294,
    607,
    599,
    727,
    107,
    123,
    478,
    625,
    304,
    427,
    268,
    348,
    184,
    572,
    426,
    791,
    208,
    718,
    218,
    303
  ],
  [
    67,
    422,
    810,
    314,
    420,
    681,
    0,
    729,
    850,
    733,
    316,
    300,
    466,
    441,
    420,
    450,
    359,
    592,
    951,
    831,
    792,
    671,
    883,
    915,
    513,
    914,
    776,
    246,
    43,
    1036,
    919,
    425,
    164,
    654,
    756,
    762,
    1000,
    58,
    885,
    254,
    898,
    741,
    735,
    1063,
    256,
    637,
    794,
    589,
    809,
    527
  ],
  [
    701,
    428,
    337,
    535,
    315,
    225,
    729,
    0,
    325,
    385,
    512,
    457,
    594,
    522,
    673,
    384,
    454,
    178,
    234,
    376,
    241,
    642,
    335,
    200,
    472,
    295,
    74,
    595,
    692,
    339,
    470,
    513,
    695,
    566,
    156,
    141,
    291,
    671,
    158,
    494,
    444,
    128,
    406,
    374,
    502,
    644,
    419,
    576,
    99,
    498
  ],
  [
    847,
    687,
    658,
    763,
    460,
    178,
    850,
    325,
    0,
    165,
    550,
    656,
    869,
    476,
    617,
    403,
    497,
    298,
    432,
    73,
    560,
    457,
    35,
    266,
    761,
    111,
    261,
    640,
    824,
    543,
    147,
    778,
    754,
    878,
    171,
    184,
    486,
    796,
    315,
    597,
    121,
    451,
    181,
    582,
    594,
    949,
    147,
    877,
    259,
    406
  ],
  [
    740,
    651,
    717,
    702,
    390,
    164,
    733,
    385,
    165,
    0,
    421,
    587,
    833,
    325,
    457,
    286,
    374,
    275,
    554,
    110,
    625,
    296,
    198,
    402,
    743,
    274,
    345,
    505,
    713,
    669,
    186,
    740,
    619,
    880,
    243,
    261,
    612,
    682,
    435,
    487,
    166,
    511,
    21,
    708,
    481,
    940,
    63,
    866,
    358,
    247
  ],
  [
    334,
    422,
    714,
    396,
    217,
    395,
    316,
    512,
    550,
    421,
    0,
    290,
    568,
    137,
    209,
    150,
    59,
    341,
    745,
    523,
    660,
    383,
    585,
    666,
    538,
    629,
    536,
    90,
    301,
    848,
    606,
    485,
    204,
    700,
    488,
    498,
    802,
    269,
    654,
    108,
    587,
    572,
    421,
    882,
    92,
    723,
    481,
    655,
    568,
    216
  ],
  [
    255,
    142,
    512,
    117,
    199,
    479,
    300,
    457,
    656,
    587,
    290,
    0,
    279,
    414,
    494,
    325,
    280,
    362,
    665,
    661,
    492,
    655,
    685,
    654,
    256,
    693,
    516,
    308,
    258,
    742,
    762,
    195,
    345,
    416,
    523,
    524,
    710,
    248,
    614,
    186,
    737,
    448,
    597,
    767,
    203,
    433,
    649,
    366,
    548,
    471
  ],
  [
    399,
    183,
    467,
    175,
    450,
    699,
    466,
    594,
    869,
    833,
    568,
    279,
    0,
    693,
    767,
    595,
    559,
    573,
    739,
    889,
    503,
    932,
    891,
    789,
    130,
    877,
    666,
    573,
    427,
    779,
    993,
    93,
    578,
    198,
    710,
    705,
    766,
    437,
    732,
    461,
    966,
    523,
    846,
    791,
    478,
    171,
    892,
    129,
    693,
    748
  ],
  [
    467,
    534,
    776,
    526,
    286,
    352,
    441,
    522,
    476,
    325,
    137,
    414,
    693,
    0,
    154,
    143,
    134,
    344,
    749,
    435,
    708,
    246,
    511,
    642,
    649,
    570,
    527,
    197,
    433,
    859,
    505,
    606,
    304,
    809,
    456,
    471,
    808,
    400,
    644,
    242,
    489,
    608,
    320,
    896,
    228,
    841,
    380,
    770,
    556,
    87
  ],
  [
    465,
    629,
    913,
    593,
    414,
    504,
    420,
    673,
    617,
    457,
    209,
    494,
    767,
    154,
    0,
    291,
    245,
    495,
    902,
    567,
    851,
    272,
    651,
    795,
    746,
    715,
    681,
    199,
    427,
    1011,
    624,
    688,
    257,
    907,
    609,
    624,
    961,
    397,
    798,
    308,
    611,
    754,
    448,
    1048,
    291,
    927,
    504,
    860,
    709,
    211
  ],
  [
    455,
    423,
    634,
    442,
    156,
    246,
    450,
    384,
    403,
    286,
    150,
    325,
    595,
    143,
    291,
    0,
    94,
    207,
    615,
    381,
    565,
    344,
    437,
    522,
    533,
    479,
    398,
    240,
    428,
    723,
    471,
    504,
    354,
    689,
    341,
    352,
    673,
    398,
    516,
    202,
    449,
    465,
    290,
    758,
    196,
    730,
    348,
    657,
    429,
    159
  ],
  [
    369,
    401,
    668,
    394,
    169,
    338,
    359,
    454,
    497,
    374,
    59,
    280,
    559,
    134,
    245,
    94,
    0,
    282,
    688,
    473,
    610,
    376,
    530,
    607,
    516,
    572,
    477,
    149,
    340,
    791,
    560,
    472,
    261,
    677,
    429,
    439,
    745,
    309,
    595,
    121,
    539,
    519,
    376,
    825,
    110,
    707,
    435,
    637,
    509,
    195
  ],
  [
    576,
    391,
    465,
    466,
    175,
    125,
    592,
    178,
    298,
    275,
    341,
    362,
    573,
    344,
    495,
    207,
    282,
    0,
    409,
    316,
    383,
    483,
    324,
    328,
    474,
    332,
    195,
    428,
    560,
    516,
    419,
    482,
    534,
    606,
    165,
    170,
    467,
    535,
    313,
    343,
    393,
    273,
    292,
    552,
    346,
    668,
    327,
    594,
    228,
    326
  ],
  [
    917,
    603,
    331,
    723,
    546,
    418,
    951,
    234,
    432,
    554,
    745,
    665,
    739,
    749,
    902,
    615,
    688,
    409,
    0,
    502,
    250,
    839,
    422,
    170,
    609,
    344,
    224,
    829,
    912,
    115,
    569,
    674,
    927,
    651,
    315,
    298,
    60,
    894,
    119,
    725,
    548,
    223,
    575,
    155,
    733,
    738,
    567,
    683,
    201,
    716
  ],
  [
    834,
    706,
    713,
    772,
    462,
    190,
    831,
    376,
    73,
    110,
    523,
    661,
    889,
    435,
    567,
    381,
    473,
    316,
    502,
    0,
    616,
    390,
    98,
    337,
    788,
    182,
    318,
    610,
    809,
    613,
    104,
    797,
    724,
    914,
    220,
    236,
    557,
    779,
    384,
    581,
    77,
    504,
    121,
    653,
    576,
    980,
    76,
    907,
    321,
    358
  ],
  [
    746,
    394,
    99,
    520,
    443,
    462,
    792,
    241,
    560,
    625,
    660,
    492,
    503,
    708,
    851,
    565,
    610,
    383,
    250,
    616,
    0,
    866,
    565,
    359,
    374,
    510,
    299,
    728,
    750,
    276,
    707,
    450,
    807,
    401,
    395,
    379,
    266,
    738,
    290,
    606,
    681,
    114,
    645,
    291,
    618,
    489,
    660,
    436,
    305,
    705
  ],
  [
    705,
    766,
    948,
    769,
    500,
    423,
    671,
    642,
    457,
    296,
    383,
    655,
    932,
    246,
    272,
    344,
    376,
    483,
    839,
    390,
    866,
    0,
    487,
    695,
    877,
    568,
    619,
    428,
    669,
    954,
    409,
    843,
    517,
    1033,
    524,
    542,
    899,
    637,
    722,
    489,
    406,
    755,
    278,
    994,
    474,
    1073,
    314,
    1001,
    639,
    186
  ],
  [
    879,
    711,
    664,
    790,
    490,
    207,
    883,
    335,
    35,
    198,
    585,
    685,
    891,
    511,
    651,
    437,
    530,
    324,
    422,
    98,
    565,
    487,
    0,
    253,
    781,
    87,
    267,
    674,
    857,
    530,
    148,
    801,
    789,
    894,
    185,
    196,
    474,
    828,
    308,
    629,
    126,
    459,
    213,
    569,
    627,
    966,
    174,
    895,
    260,
    440
  ],
  [
    892,
    628,
    456,
    736,
    495,
    291,
    915,
    200,
    266,
    402,
    666,
    654,
    789,
    642,
    795,
    522,
    607,
    328,
    170,
    337,
    359,
    695,
    253,
    0,
    664,
    174,
    139,
    755,
    880,
    277,
    400,
    711,
    862,
    741,
    185,
    171,
    221,
    857,
    69,
    670,
    379,
    279,
    422,
    317,
    674,
    823,
    406,
    759,
    106,
    595
  ],
  [
    452,
    117,
    344,
    200,
    379,
    598,
    513,
    472,
    761,
    743,
    538,
    256,
    130,
    649,
    746,
    533,
    516,
    474,
    609,
    788,
    374,
    877,
    781,
    664,
    0,
    761,
    545,
    564,
    471,
    649,
    892,
    93,
    594,
    162,
    598,
    591,
    636,
    473,
    605,
    439,
    865,
    394,
    758,
    663,
    456,
    198,
    799,
    124,
    571,
    691
  ],
  [
    904,
    701,
    608,
    792,
    506,
    235,
    914,
    295,
    111,
    274,
    629,
    693,
    877,
    570,
    715,
    479,
    572,
    332,
    344,
    182,
    510,
    568,
    87,
    174,
    761,
    0,
    222,
    719,
    885,
    448,
    228,
    791,
    833,
    862,
    171,
    173,
    393,
    858,
    235,
    660,
    209,
    411,
    291,
    487,
    660,
    938,
    258,
    869,
    206,
    505
  ],
  [
    752,
    498,
    398,
    601,
    357,
    196,
    776,
    74,
    261,
    345,
    536,
    516,
    666,
    527,
    681,
    398,
    477,
    195,
    224,
    318,
    299,
    619,
    267,
    139,
    545,
    222,
    0,
    623,
    741,
    338,
    407,
    584,
    729,
    640,
    102,
    84,
    284,
    718,
    118,
    533,
    382,
    192,
    366,
    376,
    538,
    718,
    370,
    650,
    34,
    492
  ],
  [
    277,
    449,
    775,
    398,
    289,
    486,
    246,
    595,
    640,
    505,
    90,
    308,
    573,
    197,
    199,
    240,
    149,
    428,
    829,
    610,
    728,
    428,
    674,
    755,
    564,
    719,
    623,
    0,
    241,
    929,
    690,
    498,
    115,
    724,
    578,
    588,
    884,
    209,
    741,
    129,
    671,
    647,
    504,
    962,
    114,
    737,
    564,
    673,
    656,
    283
  ],
  [
    39,
    379,
    767,
    271,
    386,
    653,
    43,
    692,
    824,
    713,
    301,
    258,
    427,
    433,
    427,
    428,
    340,
    560,
    912,
    809,
    750,
    669,
    857,
    880,
    471,
    885,
    741,
    241,
    0,
    995,
    899,
    383,
    178,
    613,
    724,
    730,
    961,
    32,
    849,
    228,
    877,
    701,
    716,
    1022,
    232,
    598,
    775,
    549,
    774,
    516
  ],
  [
    997,
    662,
    330,
    787,
    642,
    533,
    1036,
    339,
    543,
    669,
    848,
    742,
    779,
    859,
    1011,
    723,
    791,
    516,
    115,
    613,
    276,
    954,
    530,
    277,
    649,
    448,
    338,
    929,
    995,
    0,
    676,
    724,
    1023,
    663,
    431,
    413,
    57,
    979,
    234,
    820,
    656,
    295,
    690,
    40,
    829,
    753,
    680,
    706,
    315,
    829
  ],
  [
    926,
    810,
    805,
    874,
    563,
    294,
    919,
    470,
    147,
    186,
    606,
    762,
    993,
    505,
    624,
    471,
    560,
    419,
    569,
    104,
    707,
    409,
    148,
    400,
    892,
    228,
    407,
    690,
    899,
    676,
    0,
    900,
    803,
    1016,
    315,
    329,
    620,
    868,
    456,
    673,
    27,
    598,
    186,
    715,
    667,
    1083,
    126,
    1010,
    405,
    422
  ],
  [
    362,
    91,
    431,
    112,
    357,
    607,
    425,
    513,
    778,
    740,
    485,
    195,
    93,
    606,
    688,
    504,
    472,
    482,
    674,
    797,
    450,
    843,
    801,
    711,
    93,
    791,
    584,
    498,
    383,
    724,
    900,
    0,
    517,
    233,
    622,
    618,
    706,
    387,
    656,
    380,
    874,
    453,
    753,
    740,
    397,
    239,
    799,
    175,
    612,
    658
  ],
  [
    217,
    486,
    844,
    407,
    381,
    599,
    164,
    695,
    754,
    619,
    204,
    345,
    578,
    304,
    257,
    354,
    261,
    534,
    927,
    724,
    807,
    517,
    789,
    862,
    594,
    833,
    729,
    115,
    178,
    1023,
    803,
    517,
    0,
    749,
    688,
    698,
    981,
    153,
    845,
    204,
    785,
    736,
    617,
    1055,
    194,
    748,
    677,
    691,
    761,
    391
  ],
  [
    589,
    278,
    334,
    345,
    533,
    727,
    654,
    566,
    878,
    880,
    700,
    416,
    198,
    809,
    907,
    689,
    677,
    606,
    651,
    914,
    401,
    1033,
    894,
    741,
    162,
    862,
    640,
    724,
    613,
    663,
    1016,
    233,
    749,
    0,
    709,
    699,
    664,
    619,
    675,
    600,
    989,
    462,
    897,
    668,
    617,
    89,
    933,
    70,
    660,
    848
  ],
  [
    741,
    532,
    492,
    621,
    340,
    107,
    756,
    156,
    171,
    243,
    488,
    523,
    710,
    456,
    609,
    341,
    429,
    165,
    315,
    220,
    395,
    524,
    185,
    185,
    598,
    171,
    102,
    578,
    724,
    431,
    315,
    622,
    688,
    709,
    0,
    18,
    375,
    699,
    199,
    504,
    289,
    284,
    264,
    470,
    506,
    781,
    268,
    710,
    116,
    410
  ],
  [
    745,
    528,
    477,
    620,
    345,
    123,
    762,
    141,
    184,
    261,
    498,
    524,
    705,
    471,
    624,
    352,
    439,
    170,
    298,
    236,
    379,
    542,
    196,
    171,
    591,
    173,
    84,
    588,
    730,
    413,
    329,
    618,
    698,
    699,
    18,
    0,
    357,
    704,
    182,
    511,
    303,
    268,
    282,
    452,
    514,
    772,
    286,
    702,
    98,
    426
  ],
  [
    964,
    640,
    335,
    763,
    600,
    478,
    1000,
    291,
    486,
    612,
    802,
    710,
    766,
    808,
    961,
    673,
    745,
    467,
    60,
    557,
    266,
    899,
    474,
    221,
    636,
    393,
    284,
    884,
    961,
    57,
    620,
    706,
    981,
    664,
    375,
    357,
    0,
    943,
    177,
    779,
    600,
    263,
    633,
    97,
    787,
    753,
    623,
    702,
    260,
    776
  ],
  [
    69,
    376,
    759,
    275,
    362,
    625,
    58,
    671,
    796,
    682,
    269,
    248,
    437,
    400,
    397,
    398,
    309,
    535,
    894,
    779,
    738,
    637,
    828,
    857,
    473,
    858,
    718,
    209,
    32,
    979,
    868,
    387,
    153,
    619,
    699,
    704,
    943,
    0,
    828,
    199,
    847,
    685,
    685,
    1007,
    202,
    609,
    744,
    557,
    751,
    484
  ],
  [
    858,
    576,
    386,
    688,
    469,
    304,
    885,
    158,
    315,
    435,
    654,
    614,
    732,
    644,
    798,
    516,
    595,
    313,
    119,
    384,
    290,
    722,
    308,
    69,
    605,
    235,
    118,
    741,
    849,
    234,
    456,
    656,
    845,
    675,
    199,
    182,
    177,
    828,
    0,
    647,
    434,
    214,
    456,
    273,
    653,
    759,
    448,
    696,
    89,
    606
  ],
  [
    253,
    323,
    648,
    288,
    179,
    427,
    254,
    494,
    597,
    487,
    108,
    186,
    461,
    242,
    308,
    202,
    121,
    343,
    725,
    581,
    606,
    489,
    629,
    670,
    439,
    660,
    533,
    129,
    228,
    820,
    673,
    380,
    204,
    600,
    504,
    511,
    779,
    199,
    647,
    0,
    650,
    532,
    491,
    851,
    17,
    619,
    550,
    552,
    566,
    314
  ],
  [
    904,
    783,
    779,
    849,
    538,
    268,
    898,
    444,
    121,
    166,
    587,
    737,
    966,
    489,
    611,
    449,
    539,
    393,
    548,
    77,
    681,
    406,
    126,
    379,
    865,
    209,
    382,
    671,
    877,
    656,
    27,
    874,
    785,
    989,
    289,
    303,
    600,
    847,
    434,
    650,
    0,
    572,
    168,
    695,
    645,
    1056,
    109,
    984,
    380,
    407
  ],
  [
    703,
    380,
    209,
    501,
    359,
    348,
    741,
    128,
    451,
    511,
    572,
    448,
    523,
    608,
    754,
    465,
    519,
    273,
    223,
    504,
    114,
    755,
    459,
    279,
    394,
    411,
    192,
    647,
    701,
    295,
    598,
    453,
    736,
    462,
    284,
    268,
    263,
    685,
    214,
    532,
    572,
    0,
    531,
    322,
    542,
    545,
    547,
    482,
    204,
    598
  ],
  [
    744,
    664,
    737,
    713,
    401,
    184,
    735,
    406,
    181,
    21,
    421,
    597,
    846,
    320,
    448,
    290,
    376,
    292,
    575,
    121,
    645,
    278,
    213,
    422,
    758,
    291,
    366,
    504,
    716,
    690,
    186,
    753,
    617,
    897,
    264,
    282,
    633,
    685,
    456,
    491,
    168,
    531,
    0,
    729,
    484,
    955,
    60,
    881,
    379,
    240
  ],
  [
    1022,
    682,
    334,
    808,
    674,
    572,
    1063,
    374,
    582,
    708,
    882,
    767,
    791,
    896,
    1048,
    758,
    825,
    552,
    155,
    653,
    291,
    994,
    569,
    317,
    663,
    487,
    376,
    962,
    1022,
    40,
    715,
    740,
    1055,
    668,
    470,
    452,
    97,
    1007,
    273,
    851,
    695,
    322,
    729,
    0,
    861,
    757,
    720,
    713,
    355,
    867
  ],
  [
    259,
    340,
    662,
    305,
    187,
    426,
    256,
    502,
    594,
    481,
    92,
    203,
    478,
    228,
    291,
    196,
    110,
    346,
    733,
    576,
    618,
    474,
    627,
    674,
    456,
    660,
    538,
    114,
    232,
    829,
    667,
    397,
    194,
    617,
    506,
    514,
    787,
    202,
    653,
    17,
    645,
    542,
    484,
    861,
    0,
    636,
    543,
    569,
    571,
    301
  ],
  [
    570,
    308,
    423,
    342,
    576,
    791,
    637,
    644,
    949,
    940,
    723,
    433,
    171,
    841,
    927,
    730,
    707,
    668,
    738,
    980,
    489,
    1073,
    966,
    823,
    198,
    938,
    718,
    737,
    598,
    753,
    1083,
    239,
    748,
    89,
    781,
    772,
    753,
    609,
    759,
    619,
    1056,
    545,
    955,
    757,
    636,
    0,
    995,
    74,
    739,
    887
  ],
  [
    803,
    709,
    755,
    764,
    451,
    208,
    794,
    419,
    147,
    63,
    481,
    649,
    892,
    380,
    504,
    348,
    435,
    327,
    567,
    76,
    660,
    314,
    174,
    406,
    799,
    258,
    370,
    564,
    775,
    680,
    126,
    799,
    677,
    933,
    268,
    286,
    623,
    744,
    448,
    550,
    109,
    547,
    60,
    720,
    543,
    995,
    0,
    921,
    378,
    298
  ],
  [
    524,
    236,
    380,
    284,
    503,
    718,
    589,
    576,
    877,
    866,
    655,
    366,
    129,
    770,
    860,
    657,
    637,
    594,
    683,
    907,
    436,
    1001,
    895,
    759,
    124,
    869,
    650,
    673,
    549,
    706,
    1010,
    175,
    691,
    70,
    710,
    702,
    702,
    557,
    696,
    552,
    984,
    482,
    881,
    713,
    569,
    74,
    921,
    0,
    672,
    815
  ],
  [
    786,
    527,
    404,
    632,
    390,
    218,
    809,
    99,
    259,
    358,
    568,
    548,
    693,
    556,
    709,
    429,
    509,
    228,
    201,
    321,
    305,
    639,
    260,
    106,
    571,
    206,
    34,
    656,
    774,
    315,
    405,
    612,
    761,
    660,
    116,
    98,
    260,
    751,
    89,
    566,
    380,
    204,
    379,
    355,
    571,
    739,
    378,
    672,
    0,
    518
  ],
  [
    549,
    580,
    781,
    587,
    315,
    303,
    527,
    498,
    406,
    247,
    216,
    471,
    748,
    87,
    211,
    159,
    195,
    326,
    716,
    358,
    705,
    186,
    440,
    595,
    691,
    505,
    492,
    283,
    516,
    829,
    422,
    658,
    391,
    848,
    410,
    426,
    776,
    484,
    606,
    314,
    407,
    598,
    240,
    867,
    301,
    887,
    298,
    815,
    518,
    0
  ]
]
