[
  [
    0,
    926,
    964,
    477,
    272,
    758,
    1140,
    398,
    285,
    681,
    682,
    926,
    966,
    626,
    848,
    80,
    943,
    236,
    705,
    400
  ],
  [
    926,
    0,
    327,
    513,
    662,
    1088,
    727,
    558,
    722,
    253,
    502,
    727,
    676,
    365,
    78,
    851,
    173,
    690,
    541,
    583
  ],
  [
    964,
    327,
    0,
    487,
    695,
    880,
    400,
    566,
    846,
    443,
    331,
    434,
    369,
    582,
    337,
    904,
    500,
    740,
    344,
    565
  ],
  [
    477,
    513,
    487,
    0,
    213,
    649,
    702,
    86,
    412,
    328,
    229,
    531,
    544,
    381,
    443,
    421,
    596,
    263,
    268,
    79
  ],
  [
    272,
    662,
    695,
    213,
    0,
    701,
    907,
    129,
    235,
    427,
    435,
    717,
    742,
    406,
    585,
    209,
    700,
    53,
    468,
    145
  ],
  [
    758,
    1088,
    880,
    649,
    701,
    0,
    747,
    676,
    925,
    967,
    588,
    513,
    595,
    1029,
    1037,
    776,
    1214,
    739,
    553,
    628
  ],
  [
    1140,
    727,
    400,
    702,
    907,
    747,
    0,
    787,
    1113,
    804,
    473,
    246,
    179,
    938,
    732,
    1102,
    900,
    960,
    440,
    762
  ],
  [
    398,
    558,
    566,
    86,
    129,
    676,
    787,
    0,
    330,
    343,
    314,
    610,
    627,
    363,
    483,
    338,
    618,
    178,
    350,
    48
  ],
  [
    285,
    722,
    846,
    412,
    235,
    925,
    1113,
    330,
    0,
    469,
    641,
    940,
    956,
    377,
    645,
    209,
    702,
    189,
    680,
    365
  ],
  [
    681,
    253,
    443,
    328,
    427,
    967,
    804,
    343,
    469,
    0,
    426,
    723,
    698,
    140,
    176,
    604,
    276,
    448,
    475,
    380
  ],
  [
    682,
    502,
    331,
    229,
    435,
    588,
    473,
    314,
    641,
    426,
    0,
    314,
    316,
    532,
    455,
    636,
    638,
    487,
    49,
    291
  ],
  [
    926,
    727,
    434,
    531,
    717,
    513,
    246,
    610,
    940,
    723,
    314,
    0,
    83,
    840,
    705,
    898,
    889,
    770,
    268,
    576
  ],
  [
    966,
    676,
    369,
    544,
    742,
    595,
    179,
    627,
    956,
    698,
    316,
    83,
    0,
    823,
    662,
    931,
    843,
    794,
    276,
    598
  ],
  [
    626,
    365,
    582,
    381,
    406,
    1029,
    938,
    363,
    377,
    140,
    532,
    840,
    823,
    0,
    296,
    546,
    324,
    410,
    581,
    408
  ],
  [
    848,
    78,
    337,
    443,
    585,
    1037,
    732,
    483,
    645,
    176,
    455,
    705,
    662,
    296,
    0,
    773,
    186,
    613,
    498,
    510
  ],
  [
    80,
    851,
    904,
    421,
    209,
    776,
    1102,
    338,
    209,
    604,
    636,
    898,
    931,
    546,
    773,
    0,
    864,
    166,
    663,
    348
  ],
  [
    943,
    173,
    500,
    596,
    700,
    1214,
    900,
    618,
    702,
    276,
    638,
    889,
    843,
    324,
    186,
    864,
    0,
    716,
    682,
    654
  ],
  [
    236,
    690,
    740,
    263,
    53,
    739,
    960,
    178,
    189,
    448,
    487,
    770,
    794,
    410,
    613,
    166,
    716,
    0,
    520,
    197
  ],
  [
    705,
    541,
    344,
    268,
    468,
    553,
    440,
    350,
    680,
    475,
    49,
    268,
    276,
    581,
    498,
    663,
    682,
    520,
    0,
    323
  ],
  [
    400,
    583,
    565,
    79,
    145,
    628,
    762,
    48,
    365,
    380,
    291,
    576,
    598,
    408,
    510,
    348,
    654,
    197,
    323,
    0
  ]
]
