[
  [
    0,
    98,
    539,
    489,
    464,
    357,
    534,
    856,
    233,
    663
  ],
  [
    98,
    0,
    633,
    586,
    369,
    369,
    561,
    762,
    290,
    613
  ],
  [
    539,
    633,
    0,
    79,
    1002,
    549,
    542,
    1339,
    410,
    963
  ],
  [
    489,
    586,
    79,
    0,
    953,
    549,
    569,
    1311,
    392,
    965
  ],
  [
    464,
    369,
    1002,
    953,
    0,
    638,
    833,
    492,
    635,
    648
  ],
  [
    357,
    369,
    549,
    549,
    638,
    0,
    198,
    831,
    183,
    416
  ],
  [
    534,
    561,
    542,
    569,
    833,
    198,
    0,
    974,
    316,
    477
  ],
  [
    856,
    762,
    1339,
    1311,
    492,
    831,
    974,
    0,
    929,
    553
  ],
  [
    233,
    290,
    410,
    392,
    635,
    183,
    316,
    929,
    0,
    586
  ],
  [
    663,
    613,
    963,
    965,
    648,
    416,
    477,
    553,
    586,
    0
  ]
]
